.Random.seed <-
c(403L, 116L, -1169622212L, -722478063L, -1046227716L, -382502289L, 
-720208424L, -507417335L, 1197272556L, -1592737906L, -402452879L, 
1362854093L, 1504886709L, -622473803L, -893800902L, -486955224L, 
1835985988L, -918284825L, 469017388L, -1755561995L, 1840862597L, 
-986998132L, -1527257630L, 47584479L, 100806073L, 1122272892L, 
-1655060479L, -845599612L, 1714844819L, 1189163838L, -1557663160L, 
1524887595L, -1020478613L, 182873766L, -2106476701L, -1481621918L, 
982716533L, 729609096L, -1130295001L, 324105738L, 493064237L, 
-432948670L, 383723079L, -609283686L, -759088173L, -432344481L, 
1099914752L, 1234050098L, -1124886835L, 170112486L, 727760868L, 
-290745845L, -458088959L, 1999840385L, -1298048884L, 683016590L, 
251320886L, -1583704046L, -2053268375L, 262172276L, -76131884L, 
-1568844147L, -371280106L, 1805891578L, -163636303L, 2051588444L, 
721927023L, -954265830L, -744221163L, 309235125L, 1973144722L, 
1456924813L, -1849238699L, 1243136963L, 432535319L, -1308069532L, 
-209062032L, 1980244125L, -1936145023L, -921771308L, -659601555L, 
159170941L, 1668328818L, -1051058419L, 2128342131L, 215218303L, 
-298558480L, 84225156L, 159900968L, -1295782977L, 483465645L, 
99088746L, -965038127L, 842174503L, 1808410328L, -2066917847L, 
1860527237L, 1623671093L, -2081548814L, -522390263L, -206757261L, 
1339539298L, -1800695745L, -1703427588L, -1942531931L, 876832245L, 
-193882065L, 361359932L, 118418548L, 978263493L, -1043495664L, 
520068915L, -92202259L, 1089890342L, 50967131L, -1166405446L, 
957017244L, 1720410121L, -277666238L, -787233565L, -1313610720L, 
-1511413137L, 1896010982L, 166328374L, 440806544L, 46099179L, 
-71445178L, -1540302802L, 152404067L, -794529147L, 288412837L, 
303251993L, -1643072308L, -1882663105L, 837682164L, -1533363272L, 
-1904781641L, -1539538377L, 1258778828L, -796130778L, -1314893981L, 
477613665L, 395660539L, -698146153L, 477511316L, 1159516963L, 
63061548L, 786557605L, 406512833L, -1750859156L, 1186674403L, 
579940889L, -337744286L, 56487693L, 1631535289L, 978162773L, 
-661023225L, 1404350356L, 503232242L, 1855762588L, -1144701838L, 
-1933548697L, 568711323L, 897661588L, -1217525783L, -1474151259L, 
447324576L, -69108581L, 1490135759L, 395327068L, 460272401L, 
-482695518L, 2061630493L, -598333059L, -566912976L, -2014297863L, 
-1172906421L, -437248707L, 1297298140L, -721532356L, -918079535L, 
-105248473L, -1590205404L, 1071372852L, -1664627691L, 1144456920L, 
1852016658L, 1180065811L, 1312452725L, -1373275992L, 64044744L, 
-1255991214L, -2033165211L, -91395511L, -481501349L, 129343634L, 
-1047992618L, 890662108L, 867795150L, 1649208457L, 574438871L, 
566046686L, 1373591527L, -235797572L, 177089011L, 2100873231L, 
-1164705206L, 1773127486L, -1613579743L, 1935260701L, 1446759422L, 
1847277894L, -1249649207L, -767168650L, -1258329789L, 589522576L, 
1338973916L, 2074318852L, 1529335359L, 819202168L, -2108289026L, 
1631153655L, 1131256264L, -1173532642L, -6711595L, -562076925L, 
77901076L, 1604211573L, 1041719212L, 1402726845L, 417439942L, 
1883989866L, 2127475424L, -462906653L, -1327295755L, 932011329L, 
-1568225731L, -1454856630L, -253422045L, -847123121L, -1868586346L, 
-707209921L, 2134352227L, -1250336603L, 330322763L, -1363321106L, 
1444108623L, -1170702552L, -1236236671L, 517002034L, 828119730L, 
-517247468L, -1763519008L, -1739477843L, 1343678425L, -909651142L, 
-1603099734L, 507695744L, -155782390L, -737767867L, -392063336L, 
-694596605L, 1728485210L, 1679250828L, -784682060L, 210162629L, 
-1297319132L, 2051951362L, -1201894602L, 540376058L, 238167912L, 
-1607927330L, -1837024566L, -1536969441L, 543946546L, -1567331585L, 
1671267767L, 599088052L, -425252939L, 1832893914L, -18051358L, 
1076419992L, -1348587085L, -1429645720L, -1361178290L, 689224655L, 
1716881513L, 1329719682L, -918841101L, -174782914L, -918749438L, 
-667844796L, 325796442L, -1494199882L, -1987877388L, 112586633L, 
1944037333L, -1006299186L, 1542268313L, -591061057L, 989857361L, 
-235683735L, -650738096L, -33106911L, 613617819L, 1856473820L, 
401174516L, -812495910L, 1569819777L, 1130727885L, 1912018193L, 
-409810765L, 353530606L, 694789744L, -914337965L, 632953471L, 
-1018717874L, -201280102L, 1578553499L, 407362213L, 87891781L, 
1467559999L, 203527370L, 1300751475L, -1969779581L, 1627866721L, 
335001996L, 2121936243L, 1715868996L, 871524286L, -1506135700L, 
-1171006051L, -1798183214L, -1458134399L, -970730918L, -77111863L, 
-1243082826L, -371705628L, 1504285694L, -2106648513L, 1485121638L, 
-1862316730L, -398429635L, -1965116569L, -1315830638L, 642670004L, 
292755520L, -299134558L, 151034695L, -261622696L, 98640732L, 
1221122248L, -1204478534L, 1696242207L, 249796472L, -1088061774L, 
-2066143162L, -1082498382L, -1605241274L, -562239599L, -181729073L, 
765847606L, -1615172372L, -963907694L, 1552090782L, 1728604787L, 
-848989625L, 851416014L, -442957221L, -1788227858L, 438043194L, 
-323422783L, -1601165530L, -408124514L, -1226176029L, -939277204L, 
1938650556L, -1001494508L, 458325015L, 1506774534L, 1840938860L, 
175566183L, 1531515498L, 1569772213L, 1634354283L, 464318457L, 
-1607815696L, 403970190L, -1987480657L, 1567005881L, 172808865L, 
690783965L, 601966598L, 638783645L, 528919239L, 1458661724L, 
-525651152L, -397468023L, 1873242310L, -2011353582L, 2002711545L, 
-54159245L, -822823601L, 1930822343L, 606116682L, -2039285797L, 
-1509456108L, 463028677L, -1116377798L, -1078155645L, 1129464880L, 
401262856L, 439397236L, 1228786495L, -467629906L, -1631011820L, 
1337104226L, -457820882L, -376935189L, 137135787L, -71697112L, 
-887553132L, -800459212L, -1230239946L, -1518488179L, 1928570529L, 
-1736151049L, -1757726232L, 1365239344L, -1326903043L, -1931706143L, 
-680450896L, 2126702538L, 1490377056L, 2147259833L, -1259358488L, 
-1151126188L, 1639712343L, -325459211L, -1791383951L, 292732384L, 
1077017332L, -93798314L, 1648932344L, 132706790L, 1373469604L, 
-791755008L, -1929834485L, -736072596L, -887143711L, -384495639L, 
-836474712L, 743662574L, 2121058000L, 1778068244L, 353792321L, 
-462120486L, -1596506136L, 766023021L, -1054624092L, -794319507L, 
345561184L, 1003782084L, 922738704L, 982851328L, 1715245968L, 
305604302L, -56799754L, -534810844L, 1025923560L, 1616112760L, 
1763265277L, 1447812710L, -1639695998L, 285633739L, 2122266958L, 
-1171333863L, 1966707754L, -406080522L, 1047097245L, 369528715L, 
-1487282456L, -1590479570L, 1108780674L, 325884492L, -1366008574L, 
-1856331875L, 310034159L, 2055257353L, -299113207L, 1049636885L, 
-1257245095L, 1604564299L, 1884047101L, 2026175859L, 1352285236L, 
-681822160L, -734365271L, 1178797475L, -400846034L, -1083474587L, 
298644830L, 1633676585L, 2022143905L, -753181143L, 1288109150L, 
1889732964L, -718379878L, -566597319L, 1828941010L, -664271994L, 
-933028990L, -868180430L, -1013519408L, 375431064L, -268350276L, 
683513077L, 2034906368L, 372026574L, -1139260900L, -1111439284L, 
1982303988L, 1786252633L, -1205265385L, 724510648L, 1875753411L, 
861840775L, 1025609319L, -2098345056L, -1884568343L, -1816002169L, 
-1484377997L, -1349231563L, -805991239L, 537153116L, -586792195L, 
171557981L, -497550353L, -1710615087L, 2141073809L, 893274777L, 
-776066838L, -2062574779L, -246768226L, -1009606947L, -903876110L, 
1647346818L, 1532737784L, -2120051257L, 1028816216L, 12319351L, 
678569854L, -1590564644L, 352601933L, 1223884517L, 404596431L, 
1730848811L, -248571151L, 794555143L, 1084821167L, -1693444023L, 
1292917786L, -527220191L, 2038737343L, 779266426L, -1327756724L, 
-1120435090L, -1596260094L, -2042593862L, 1468888774L, 1134015638L, 
-640088654L, 124891942L, -1770057475L, -149935932L, -898659063L, 
1830155708L, 218642566L, 1336765952L, 417599439L, 1500356952L, 
-638269189L, 1806766581L, 933972904L, 1475582330L, -539418329L, 
2050396885L, -1926298243L, -693773117L, -873314275L, -1259942255L, 
484835918L, 485375692L, 1021918178L, -1840346643L, -746315489L, 
-171129001L, -1193493612L, -305940691L, 532830588L, -1300061020L, 
-1616948301L, -804437103L, 1080457321L, 1914395374L, 2120273318L, 
